nCars =  6;
in_name = 'par';


x0 = [    -0.5382   -0.9961    0.1766    1.8169    0.0142   -0.4091;
    0.8672   -0.5232    0.7552   -0.1238   -0.0596   -1.2819;
    0.9760   -1.2974   -0.5915   -1.1106   -0.6610   -0.2849;
    0.3374    0.9174    1.8444   -0.6809    0.3060   -0.0648]




% acc_cmd = [ 0,  12,  13; 4,  0,  0];
acc_cmd =0.1*randi(5,2,nCars);

del_cmd = [ ...
    0,      0,      0;...
    4,      0,      0;...
    8,      0,      0;...
    12,     0,      0];
% del_cmd = [0 0 0];
% for i = 1 : nCars-1
%     del_cmd = [ del_cmd ; 4*i , 0 , 0 ];
% end
del_cmd = 0*ones(1,nCars);